1606010310
1606010519
1614010114
1614010128
1701060211
1701060221
1705020111
1705050227
1706010101
1706010102
1706010103
1706010105
1706010106
1706010107
1706010109
1706010110
1706010112
1706010115
1706010116
1706010117
1706010118
1706010119
1706010126
1706010129
1706010131
1706010132
1706010133
1706010134
1706010135
1706010201
1706010202
1706010203
1706010205
1706010206
1706010208
1706010209
1706010210
1706010213
1706010214
1706010215
1706010216
1706010217
1706010218
1706010219
1706010221
1706010223
1706010224
1706010225
1706010226
1706010227
1706010228
1706010229
1706010230
1706010231
1706010233
1706010234
1706010235
1706010236
1706010301
1706010302
1706010303
1706010305
1706010306
1706010307
1706010308
1706010309
1706010310
1706010311
1706010312
1706010313
1706010317
1706010318
1706010322
1706010323
1706010325
1706010326
1706010329
1706010330
1706010335
1706010401
1706010402
1706010403
1706010404
1706010405
1706010406
1706010407
1706010408
1706010410
1706010411
1706010413
1706010414
1706010415
1706010416
1706010418
1706010420
1706010421
1706010422
1706010423
1706010428
1706010429
1706010431
1706010432
1706010433
1706010434
1706010435
1706010501
1706010502
1706010503
1706010504
1706010505
1706010506
1706010507
1706010509
1706010510
1706010511
1706010512
1706010513
1706010514
1706010516
1706010517
1706010518
1706010519
1706010521
1706010522
1706010523
1706010524
1706010526
1706010529
1706010530
1706010531
1706010532
1706010534
1706010535
1706020110
1706020113
1706020402
1706030211
1706030214
1706030227
1709020105
1709020129
1709030108
1709040120
1709040128
1710020122
1710210221
1710210315
1713010123
1717020329
1719010310
1606010218
1706010319
1606010118
1713010328
1706010522
1606010117
1706010114
1706010125
1706010537
1706010419
1706010328
1606030109
1606030108
1606030128
1606030228
