学号	姓名	班级	查重率	查重成绩（0.2）	教师评价（0.8）	课堂期末成绩（0.4*）	实践平时成绩（0.18*）	组号	教师评分（0.3）	点赞数	互评分（0.6）	制作加分	汇报加分	实践期末成绩（0.42*）	总成绩
1806010316	王毓珣	计算机18_3	2.4%	97.60 	80.00 	83.50 	90	4	90	52	35	0	0	48	70
1806010317	王晨子阳	计算机18_3	0.0%	100.00 	85.00 	88.00 	90	50	85	222	100	0	0	85.5	87
1806010407	杜苗苗	计算机18_4	25.00%	75.00 	80.00 	79.00 	90	利旧	90	51	34	5	5	57.4	72
1806010412	周志扬	计算机18_4	41.1%	58.90 	70.00 	67.80 	90	4	90	52	35	0	0	48	63
1806010414	唐梓铭	计算机18_4	23.0%	77.00 	80.00 	79.40 	90	4	90	52	35	5	0	53	70
1806030223	廖浩然	计算机18_4	0.9%	99.10 	65.00 	71.80 	90	4	90	52	35	0	5	53	67
1806010523	李溢宁	计算机18_5	25.00%	75.00 	100.00 	95.00 	90	利旧	80	43	28.67	5	0	46.202	74
1706030103	刘丽雯	计算机18_6	10.9%	89.10 	90.00 	89.80 	90	22	80	235	100	0	0	84	87
1806010613	刘卓朋	计算机18_6	-	-	-	-	90	-	-	-	-	-	-	-	#VALUE!
1806010622	宋尤文	计算机18_6	28.2%	71.80 	73.00 	72.80 	90	46	90	158	100	0	0	87	82
1806010625	陈可	计算机18_6	4.1%	95.90 	95.00 	95.20 	90	46	90	158	100	5	0	92	93
1806010127	谭立鑫	计算机19_1	3.60%	96.40 	89.00 	90.50 	90	43	88	355	100	5	5	96.4	93
1901060323	周兆文	计算机19_1	2.00%	98.00 	100.00 	99.60 	90	12	88	210	100	0	0	86.4	92
1904090217	许皓文	计算机19_1	11.50%	88.50 	90.00 	89.70 	90	12	88	210	100	0	0	86.4	88
1905050207	王心茹	计算机19_1	13.70%	86.30 	95.00 	93.30 	90	30	85	151	100	5	0	90.5	92
1906010101	朱利亚	计算机19_1	15.0%	85.00 	80.00 	81.00 	90	18	88	170	100	0	5	91.4	87
1906010103	喻朝兰	计算机19_1	7.9%	92.10 	70.00 	74.40 	90	18	88	170	100	0	0	86.4	82
1906010104	钱芮琳	计算机19_1	20.0%	80.00 	75.00 	76.00 	90	18	88	170	100	5	0	91.4	85
1906010106	赵葳	计算机19_1	7.8%	92.20 	90.00 	90.40 	90	39	92	104	69	5	0	74	83
1906010107	冯艺	计算机19_1	6.7%	93.30 	95.00 	94.70 	90	28	90	161	100	0	0	87	91
1906010108	郭跃	计算机19_1	24.9%	75.10 	80.00 	79.00 	90	16	85	110	73	5	0	74.3	79
1906010109	叶泽霖	计算机19_1	19.9%	80.10 	85.00 	84.00 	90	17	80	88	59	5	0	64.4	77
1906010110	李翔宇	计算机19_1	9.8%	90.20 	95.00 	94.00 	90	36	85	158	100	0	5	90.5	92
1906010111	程龙	计算机19_1	11.5%	88.50 	80.00 	81.70 	90	16	85	110	73	0	5	74.3	80
1906010112	陈逸轩	计算机19_1	11.4%	88.60 	75.00 	77.70 	90	2	85	195	100	0	0	85.5	83
1906010113	陈良杰	计算机19_1	7.9%	92.10 	95.00 	94.40 	90	20	95	192	100	0	0	88.5	91
1906010114	余晨晨	计算机19_1	21.1%	78.90 	105.00 	99.80 	90	2	85	195	100	5	0	90.5	94
1906010115	郑恒	计算机19_1	14.0%	86.00 	85.00 	85.20 	90	2	85	195	100	0	0	85.5	86
1906010116	韩子保	计算机19_1	15.6%	84.40 	90.00 	88.90 	90	40	80	260	100	5	0	89	89
1906010118	石博豪	计算机19_1	23.7%	76.30 	90.00 	87.30 	90	40	80	260	100	0	5	89	89
1906010119	胡钰豪	计算机19_1	14.4%	85.60 	95.00 	93.10 	90	40	80	260	100	0	0	84	89
1906010120	陈卓越	计算机19_1	1.9%	98.10 	95.00 	95.60 	90	2	85	195	100	0	5	90.5	92
1906010121	杨祖冲	计算机19_1	4.5%	95.50 	77.00 	80.70 	90	32	85	188	100	0	5	90.5	86
1906010122	朱榛童	计算机19_1	2.5%	97.50 	85.00 	87.50 	90	40	80	260	100	0	0	84	86
1906010123	翟志扬	计算机19_1	10.9%	89.10 	85.00 	85.80 	90	16	85	110	73	0	0	69.3	80
1906010124	罗钦雨	计算机19_1	18.70%	81.30 	100.00 	96.30 	90	36	85	158	100	0	0	85.5	91
1906010125	吴思言	计算机19_1	1.20%	98.80 	85.00 	87.80 	90	16	85	110	73	0	0	69.3	80
1906010126	葛嘉豪	计算机19_1	0.0%	100.00 	90.00 	92.00 	90	36	85	158	100	5	0	90.5	91
1906010127	甘文杰	计算机19_1	24.3%	75.70 	87.00 	84.70 	90	16	85	110	73	0	0	69.3	79
1906010128	许天若	计算机19_1	3.50%	96.50 	97.00 	96.90 	90	2	85	195	100	0	0	85.5	91
1906010129	阙思秋	计算机19_1	24.1%	75.90 	80.00 	79.20 	90	14	85	120	80	0	0	73.5	79
1906010130	郭迅	计算机19_1	49.4%	50.60 	80.00 	74.10 	90	35	80	154	100	0	0	84	81
1906010132	王怡凯	计算机19_1	16.9%	83.10 	90.00 	88.60 	90	36	85	158	100	0	0	85.5	88
1909020230	何纪琛	计算机19_1	8.1%	91.90 	95.00 	94.40 	90	30	85	151	100	0	0	85.5	90
1913010312	袁麒龙	计算机19_1	13.6%	86.40 	85.00 	85.30 	90	30	85	151	100	0	0	85.5	86
1917030206	刘逸辰	计算机19_1	8.5%	91.50 	105.00 	102.30 	90	28	90	161	100	5	5	97	98
1901010125	周睿志	计算机19_2	14.40%	85.60 	90.00 	89.10 	90	12	88	210	100	0	5	91.4	90
1906010202	邢莉娟	计算机19_2	7.7%	92.30 	80.00 	82.50 	90	18	88	170	100	0	0	86.4	85
1906010203	蒿玲玲	计算机19_2	48.0%	52.00 	85.00 	78.40 	90	43	88	355	100	0	0	86.4	84
1906010204	帕提麦·图尔荪	计算机19_2	34.2%	65.80 	85.00 	81.20 	90	18	88	170	100	0	0	86.4	85
1906010205	曹耀婷	计算机19_2	35.9%	64.10 	85.00 	80.80 	90	43	88	355	100	0	0	86.4	85
1906010206	肖潇	计算机19_2	0.0%	100.00 	90.00 	92.00 	90	28	90	161	100	0	0	87	90
1906010207	袁路青	计算机19_2	12.5%	87.50 	95.00 	93.50 	90	29	85	203	100	0	5	90.5	92
1906010208	沈泽渝	计算机19_2	2.8%	97.20 	80.00 	83.40 	90	38	95	167	100	0	0	88.5	87
1906010209	丁园浩	计算机19_2	10.5%	89.50 	85.00 	85.90 	90	38	95	167	100	0	0	88.5	88
1906010210	王浩欣	计算机19_2	20.7%	79.30 	100.00 	95.90 	90	27	82	151	100	5	0	89.6	92
1906010211	李剑松	计算机19_2	16.0%	84.00 	92.00 	90.40 	90	14	85	120	80	5	0	78.5	85
1906010212	胡志辉	计算机19_2	13.4%	86.60 	92.00 	90.90 	90	14	85	120	80	0	5	78.5	86
1906010213	王冬雨	计算机19_2	8.10%	91.90 	95.00 	94.40 	90	14	85	120	80	0	0	73.5	85
1906010214	薛舸航	计算机19_2	11.6%	88.40 	95.00 	93.70 	90	27	82	151	100	0	0	84.6	89
1906010215	郑浩天	计算机19_2	18.1%	81.90 	90.00 	88.40 	90	41	83	157	100	5	0	89.9	89
1906010216	毛天麒	计算机19_2	0.00%	100.00 	65.00 	72.00 	90	14	85	120	80	0	0	73.5	76
1906010217	庄一鸣	计算机19_2	9.9%	90.10 	92.00 	91.60 	90	27	82	151	100	0	5	89.6	90
1906010218	刘江涵	计算机19_2	14.8%	85.20 	75.00 	77.00 	90	35	80	154	100	0	5	89	84
1906010219	朱增桓	计算机19_2	23.0%	77.00 	95.00 	91.40 	90	32	85	188	100	0	0	85.5	89
1906010220	庄庆辉	计算机19_2	28.0%	72.00 	60.00 	62.40 	90	32	85	188	100	5	0	90.5	79
1906010221	韩膺正	计算机19_2	23.00%	77.00 	77.00 	77.00 	90	32	85	188	100	0	0	85.5	83
1906010222	费天涵	计算机19_2	9.2%	90.80 	85.00 	86.20 	90	32	85	188	100	0	0	85.5	87
1906010223	林晨曦	计算机19_2	4.1%	95.90 	80.00 	83.20 	90	17	80	88	59	0	5	64.4	77
1906010224	周宇	计算机19_2	23.5%	76.50 	90.00 	87.30 	90	17	80	88	59	0	0	59.4	76
1906010225	陈庭宇	计算机19_2	15.0%	85.00 	90.00 	89.00 	90	17	80	88	59	0	0	59.4	77
1906010226	姜原	计算机19_2	13.2%	86.80 	65.00 	69.40 	90	17	80	88	59	0	0	59.4	69
1906010227	王百昶	计算机19_2	23.1%	76.90 	85.00 	83.40 	90	41	83	157	100	0	0	84.9	85
1906010228	曹梦晨	计算机19_2	17.2%	82.80 	90.00 	88.60 	90	41	83	157	100	0	5	89.9	89
1906010229	王耀铎	计算机19_2	3.8%	96.20 	95.00 	95.20 	90	27	82	151	100	0	0	84.6	90
1906010230	章博文	计算机19_2	5.6%	94.40 	85.00 	86.90 	90	41	83	157	100	0	0	84.9	87
1906010231	陈代超	计算机19_2	29.0%	71.00 	75.00 	74.20 	90	24	80	169	100	0	5	89	83
1906010232	陈语奇	计算机19_2	12.4%	87.60 	95.00 	93.50 	90	24	80	169	100	5	0	89	91
1909020211	高硕	计算机19_2	7.50%	92.50 	90.00 	90.50 	90	12	88	210	100	5	0	91.4	91
1914010226	邓长斌	计算机19_2	15.50%	84.50 	85.00 	84.90 	90	12	88	210	100	0	0	86.4	86
1706010332	唐顾宇	计算机19_3	-	-	-	-	90	-	-	-	-	-	-	-	#VALUE!
1806010303	曹雨涵	计算机19_3	-	-	-	-	90	-	-	-	-	-	-	-	#VALUE!
1906010301	厉雯	计算机19_3	11.6%	88.40 	75.00 	77.70 	90	34	90	426	100	0	0	87	84
1906010302	武雨琪	计算机19_3	24.5%	75.50 	90.00 	87.10 	90	38	95	167	100	5	5	98.5	92
1906010303	戴梦瑶	计算机19_3	25.80%	74.20 	80.00 	78.80 	90	34	90	426	100	5	0	92	86
1906010304	马晓燕	计算机19_3	7.80%	92.20 	85.00 	86.40 	90	34	90	426	100	0	0	87	87
1906010305	彭嘉艺	计算机19_3	22.6%	77.40 	85.00 	83.50 	90	34	90	426	100	0	0	87	86
1906010306	朱李玥	计算机19_3	23.6%	76.40 	85.00 	83.30 	90	34	90	426	100	0	5	92	88
1906010307	潘雨虹	计算机19_3	15.4%	84.60 	100.00 	96.90 	90	38	95	167	100	0	0	88.5	92
1906010308	葛其宇	计算机19_3	5.7%	94.30 	80.00 	82.90 	90	24	80	169	100	0	0	84	85
1906010309	王迎澳	计算机19_3	5.7%	94.30 	95.00 	94.90 	90	24	80	169	100	0	0	84	89
1906010310	华乙岩	计算机19_3	18.5%	81.50 	85.00 	84.30 	90	8	90	212	100	0	0	87	86
1906010311	杨浩然	计算机19_3	0.6%	99.40 	95.00 	95.90 	90	3	80	253	100	0	0	84	90
1906010312	曹啟贵	计算机19_3	12.0%	88.00 	80.00 	81.60 	90	3	80	253	100	0	0	84	84
1906010313	梁哲源	计算机19_3	28.5%	71.50 	75.00 	74.30 	90	42	82	151	100	0	0	84.6	81
1906010315	柏金瑞	计算机19_3	13.6%	86.40 	85.00 	85.30 	90	48	92	191	100	0	5	92.6	89
1906010316	顾语轩	计算机19_3	100.00%	0.00 	0.00 	0.00 	90	49	0	0	0	0	0	0	16
1906010317	潘俊杰	计算机19_3	100.00%	0.00 	0.00 	0.00 	90	49	0	0	0	0	0	0	16
1906010318	韩瑞乾	计算机19_3	0.0%	100.00 	100.00 	100.00 	90	44	93	192	100	0	5	92.9	95
1906010319	周健杰	计算机19_3	8.0%	92.00 	95.00 	94.40 	90	44	93	192	100	5	0	92.9	93
1906010320	金桥	计算机19_3	3.2%	96.80 	90.00 	91.40 	90	44	93	192	100	0	0	87.9	90
1906010321	王远卓	计算机19_3	5.1%	94.90 	95.00 	95.00 	90	44	93	192	100	0	0	87.9	91
1906010322	邢凌凯	计算机19_3	0.5%	99.50 	100.00 	99.90 	90	5	80	194	100	0	5	89	94
1906010323	谭舒文	计算机19_3	1.2%	98.80 	95.00 	95.80 	90	5	80	194	100	5	0	89	92
1906010324	佟昕泽	计算机19_3	4.1%	95.90 	95.00 	95.20 	90	5	80	194	100	0	0	84	90
1906010325	刘浩勇	计算机19_3	0.4%	99.60 	100.00 	99.90 	90	5	80	194	100	0	0	84	91
1906010326	李闯	计算机19_3	-	-	-	-	90	-	-	-	-	-	-	-	#VALUE!
1906010327	陈灿	计算机19_3	-	-	-	-	90	-	-	-	-	-	-	-	#VALUE!
1906010328	孙涛	计算机19_3	100.00%	0.00 	0.00 	0.00 	90	49	0	0	0	0	0	0	16
1906010330	秦文彬	计算机19_3	17.5%	82.50 	85.00 	84.50 	90	42	82	151	100	0	0	84.6	86
1906010331	杨泽睿	计算机19_3	13.5%	86.50 	95.00 	93.30 	90	42	82	151	100	5	5	94.6	93
1906010332	许梓源	计算机19_3	7.2%	92.80 	90.00 	90.60 	90	42	82	151	100	0	0	84.6	88
1908040126	李怡飞	计算机19_3	16.9%	83.10 	98.00 	95.00 	90	37	92	195	100	0	5	92.6	93
1909040227	白松林	计算机19_3	13.5%	86.50 	85.00 	85.30 	90	37	92	195	100	5	0	92.6	89
1914010103	柏雪嫣	计算机19_3	22.3%	77.70 	95.00 	91.50 	90	30	85	151	100	0	5	90.5	91
1917020114	张少洋	计算机19_3	1.3%	98.70 	92.00 	93.30 	90	29	85	203	100	5	0	90.5	92
1917020424	王子航	计算机19_3	22.1%	77.90 	95.00 	91.60 	90	29	85	203	100	0	0	85.5	89
1706010425	徐立峰	计算机19_4	21.7%	78.30 	90.00 	87.70 	90	48	92	191	100	5	0	92.6	90
1901010417	夏琦	计算机19_4	9.4%	90.60 	90.00 	90.10 	90	37	92	195	100	0	0	87.6	89
1902010217	俞世成	计算机19_4	15.5%	84.50 	105.00 	100.90 	90	37	92	195	100	0	0	87.6	93
1906010401	徐沛	计算机19_4	16.4%	83.60 	80.00 	80.70 	90	26	85	129	86	0	5	82.1	83
1906010402	李文悦	计算机19_4	2.5%	97.50 	85.00 	87.50 	90	35	80	154	100	5	0	89	89
1906010403	冯焱亭	计算机19_4	12.5%	87.50 	95.00 	93.50 	90	38	95	167	100	0	0	88.5	91
1906010404	马晨瑄	计算机19_4	15.2%	84.80 	95.00 	93.00 	90	20	95	192	100	0	5	93.5	93
1906010405	马爱玲	计算机19_4	8.7%	91.30 	80.00 	82.30 	90	20	95	192	100	0	0	88.5	86
1906010406	钟玉金	计算机19_4	10.2%	89.80 	95.00 	94.00 	90	20	95	192	100	0	0	88.5	91
1906010407	马瑞晗	计算机19_4	1.3%	98.70 	95.00 	95.70 	90	20	95	192	100	5	0	93.5	94
1906010408	陈磊	计算机19_4	8.7%	91.30 	90.00 	90.30 	90	3	80	253	100	0	0	84	88
1906010409	孟申澳	计算机19_4	5.9%	94.10 	95.00 	94.80 	90	10	80	134	89	0	0	77.4	87
1906010410	魏衍祖	计算机19_4	2.6%	97.40 	95.00 	95.50 	90	10	80	134	89	5	0	82.4	89
1906010411	盛昊	计算机19_4	21.3%	78.70 	90.00 	87.70 	90	10	80	134	89	0	0	77.4	84
1906010412	罗谢求	计算机19_4	11.3%	88.70 	105.00 	101.70 	90	10	80	134	89	0	5	82.4	91
1906010413	郑宇鹏	计算机19_4	15.1%	84.90 	95.00 	93.00 	90	3	80	253	100	0	5	89	91
1906010414	匡斌	计算机19_4	4.1%	95.90 	90.00 	91.20 	90	3	80	253	100	5	0	89	90
1906010415	付迪	计算机19_4	7.6%	92.40 	75.00 	78.50 	90	39	92	104	69	0	0	69	77
1906010416	张江涛	计算机19_4	18.7%	81.30 	75.00 	76.30 	90	25	80	153	100	0	0	84	82
1906010417	冯靖轩	计算机19_4	15.8%	84.20 	80.00 	80.80 	90	39	92	104	69	0	5	74	80
1906010419	李从斌	计算机19_4	28.8%	71.20 	72.00 	71.80 	90	35	80	154	100	0	0	84	80
1906010420	高康悦	计算机19_4	15.1%	84.90 	95.00 	93.00 	90	39	92	104	69	0	0	69	82
1906010421	潘宇童	计算机19_4	3.1%	96.90 	90.00 	91.40 	90	25	80	153	100	0	0	84	88
1906010422	周辉	计算机19_4	12.3%	87.70 	90.00 	89.50 	90	25	80	153	100	0	0	84	87
1906010423	陈有豪	计算机19_4	9.0%	91.00 	90.00 	90.20 	90	25	80	153	100	5	5	94	92
1906010424	肖宇	计算机19_4	3.1%	96.90 	90.00 	91.40 	90	25	80	153	100	0	0	84	88
1906010425	赵子熙	计算机19_4	0.0%	100.00 	90.00 	92.00 	90	26	85	129	86	5	0	82.1	87
1906010427	韩建伟	计算机19_4	2.8%	97.20 	90.00 	91.40 	90	26	85	129	86	0	0	77.1	85
1906010428	龙涛	计算机19_4	8.8%	91.20 	102.00 	99.80 	90	26	85	129	86	0	0	77.1	89
1906010431	沈伟露	计算机19_4	11.0%	89.00 	85.00 	85.80 	90	15	92	53	35	0	0	48.6	71
1906010432	张卓凡	计算机19_4	13.4%	86.60 	80.00 	81.30 	90	15	92	53	35	0	0	48.6	69
1906030231	李昭斌	计算机19_4	10.7%	89.30 	100.00 	97.90 	90	1	100	169	100	5	5	100	97
1906030235	杜宗哲	计算机19_4	11.0%	89.00 	90.00 	89.80 	90	37	92	195	100	0	0	87.6	89
1904010416	杜苗增	计算机19_5	0.2%	99.80 	90.00 	92.00 	90	19	95	164	100	0	0	88.5	90
1906010501	赖雨桐	计算机19_5	14.9%	85.10 	90.00 	89.00 	90	8	90	212	100	0	5	92	90
1906010502	王宇	计算机19_5	6.7%	93.30 	88.00 	89.10 	90	33	86	164	100	0	0	85.8	88
1906010503	贾丽雯	计算机19_5	14.4%	85.60 	85.00 	85.10 	90	33	86	164	100	0	0	85.8	86
1906010504	唐果	计算机19_5	0.6%	99.40 	100.00 	99.90 	90	8	90	212	100	5	0	92	95
1906010506	张琪琪	计算机19_5	17.5%	82.50 	80.00 	80.50 	90	22	80	235	100	5	5	94	88
1906010507	严婉玉	计算机19_5	0.0%	100.00 	80.00 	84.00 	90	22	80	235	100	0	0	84	85
1906010508	彭畅	计算机19_5	17.70%	82.30 	65.00 	68.50 	90	45	82	202	100	0	0	84.6	79
1906010509	马耀	计算机19_5	19.80%	80.20 	65.00 	68.00 	90	45	82	202	100	0	0	84.6	79
1906010510	张捷	计算机19_5	6.5%	93.50 	75.00 	78.70 	90	45	82	202	100	5	0	89.6	85
1906010511	李泽宇	计算机19_5	15.00%	85.00 	70.00 	73.00 	90	45	82	202	100	0	5	89.6	83
1906010512	史振宁	计算机19_5	0.0%	100.00 	90.00 	92.00 	90	31	85	150	100	0	0	85.5	89
1906010513	陈柏均	计算机19_5	21.70%	78.30 	90.00 	87.70 	90	31	85	150	100	0	0	85.5	87
1906010514	张玉传	计算机19_5	0.0%	100.00 	90.00 	92.00 	90	31	85	150	100	0	5	90.5	91
1906010515	侯国栋	计算机19_5	21.7%	78.30 	90.00 	87.70 	90	31	85	150	100	0	0	85.5	87
1906010516	方明航	计算机19_5	16.1%	83.90 	98.00 	95.20 	90	45	82	202	100	0	0	84.6	90
1906010517	周之强	计算机19_5	8.30%	91.70 	75.00 	78.30 	90	31	85	150	100	5	0	90.5	86
1906010518	栾兴	计算机19_5	0.0%	100.00 	95.00 	96.00 	90	19	95	164	100	0	0	88.5	92
1906010519	李云汉	计算机19_5	0.0%	100.00 	85.00 	88.00 	90	19	95	164	100	0	0	88.5	89
1906010520	谢天祺	计算机19_5	6.6%	93.40 	95.00 	94.70 	90	19	95	164	100	0	0	88.5	91
1906010521	谭梓鸿	计算机19_5	10.7%	89.30 	90.00 	89.90 	90	9	80	203	100	0	0	84	87
1906010522	陈炜辉	计算机19_5	0.0%	100.00 	90.00 	92.00 	90	9	80	203	100	0	5	89	90
1906010523	陈泽	计算机19_5	14.4%	85.60 	90.00 	89.10 	90	9	80	203	100	5	0	89	89
1906010524	郑博文	计算机19_5	3.5%	96.50 	90.00 	91.30 	90	8	90	212	100	0	0	87	89
1906010525	何江朋	计算机19_5	8.2%	91.80 	90.00 	90.40 	90	33	86	164	100	0	0	85.8	88
1906010526	郭雨豪	计算机19_5	4.50%	95.50 	75.00 	79.10 	90	33	86	164	100	5	0	90.8	86
1906010527	王孝疆	计算机19_5	4.5%	95.50 	90.00 	91.10 	90	33	86	164	100	0	5	90.8	91
1906010528	沈俊儒	计算机19_5	25.00%	75.00 	100.00 	95.00 	90	39	92	104	69	0	0	69	83
1906010529	周琪	计算机19_5	62.2%	37.80 	65.00 	59.60 	90	47	0	0	0	0	0	0	40
1906010531	陈贤清	计算机19_5	100.00%	0.00 	0.00 	0.00 	90	47	0	0	0	0	0	0	16
1907090115	徐一宁	计算机19_5	3.1%	96.90 	95.00 	95.40 	90	22	80	235	100	0	0	84	90
1908070126	黎子睿	计算机19_5	3.5%	96.50 	88.00 	89.70 	90	29	85	203	100	0	0	85.5	88
1909030230	何正奇	计算机19_5	8.2%	91.80 	86.00 	87.20 	90	29	85	203	100	0	0	85.5	87
