1 2106010307 2106010319
2 2113010324 2103010516 2117020121
3 2106050213 2106050134 2106010204
5 2106050218 2106050209 2106050231
7 2106050222 2106050220
8 2106050129 2106050127 2106050128
9 2106050229 2106050228
10 2106010312 2106010311
12 2106050113 2106050111 2106050114
13 2106050130 2106050103 2106050104
14 2105010117 2106010123 2106010121
15 2106050126 2106050124  2106050123
16 1862810307
17 2006050117 2106050132
18  
19 2101080117  2101080139 2116010118
20 2108110123 2106050119 2106010120
21 2119040112 2106050106
22 2119040114 2119040111
23 2106010209
24 2106050109 2106050131 2106050120
25 2106050108 2106050133
26 2106050126 2106050123 2106050124
27 2109020107 2105020110
28 2106050230 2106050227
29 2106010313 2106010315
31 2106010117 2106010111 2106010110
32 2106050118 2106050117
33 2119040103 2119040109
34 S2206010123 S2206010134 S2206010124
35 2106010217  
36 2106050233 2106050232 2106050217
37 2119040124 2119040125 2119040101
39 2106010327 2106010326
40 2106050207
42 2119040105 2119040104 2119040106
43 2113010131 2110210115
44 2106010320 2106010318 2106010317
45 2106010128 2106010127 2106010126
46 2106010125
47 2119040123
48 2106010220
49 2106050107
50 S2206010135
