1 1806010624
2 1808080209 1817030112 1808040206 1815010326
3 1806010631 1806010630 1806010633
4 1806010521 1806010518 1806010519 1806010520
5 1606010218
6 1806010328  1806010326
7  1806010514 1806010515 1806010517 1806010516
8 1806010307 1806010308 1806010309
9 1806010306 1806010304 1806010305 1806010321
10 1806010529 1806010528 1806010527 1703010132
11 1806010606 1806010607
12 1806010530 1806010531 1806010532 1806010533
13 1806010602 1806010509 1806010504 1809020312
14 1806010312 1806010311 1806010314
15 1806030127 1803010606 1806030134
16 1806010224 1806010230 1806010211
17 1806010206 1806010207
18 1806010425
19 1806010215
20 1806010228 1806010226 1806010227 1806010229
21 1806010416
22 1806010232 1806010223 1806010233
23 1806010313 1806010315 1806010329 1806010327
24 1806010320 1806010318 1806010319
25 1806010632
26 1806010212 1806010205 1817020311
27 1817030129 1817030114 1809020207
28 1806010213
29 1806010421 1806010428  1806010433 1806010430
30 1806010221 1806010218 1806010220 1806010219
31 1806010618 1806010619 1806010620
32 1806010310
