1806010316
1806010317
1806010407
1806010412
1806010414
1806030223
1806010523
1706030103
1806010613
1806010622
1806010625
1806010127
1901060323
1904090217
1905050207
1906010101
1906010103
1906010104
1906010106
1906010107
1906010108
1906010109
1906010110
1906010111
1906010112
1906010113
1906010114
1906010115
1906010116
1906010118
1906010119
1906010120
1906010121
1906010122
1906010123
1906010124
1906010125
1906010126
1906010127
1906010128
1906010129
1906010130
1906010132
1909020230
1913010312
1917030206
1901010125
1906010202
1906010203
1906010204
1906010205
1906010206
1906010207
1906010208
1906010209
1906010210
1906010211
1906010212
1906010213
1906010214
1906010215
1906010216
1906010217
1906010218
1906010219
1906010220
1906010221
1906010222
1906010223
1906010224
1906010225
1906010226
1906010227
1906010228
1906010229
1906010230
1906010231
1906010232
1909020211
1914010226
1706010332
1806010303
1906010301
1906010302
1906010303
1906010304
1906010305
1906010306
1906010307
1906010308
1906010309
1906010310
1906010311
1906010312
1906010313
1906010315
1906010316
1906010317
1906010318
1906010319
1906010320
1906010321
1906010322
1906010323
1906010324
1906010325
1906010326
1906010327
1906010328
1906010330
1906010331
1906010332
1908040126
1909040227
1914010103
1917020114
1917020424
1706010425
1901010417
1902010217
1906010401
1906010402
1906010403
1906010404
1906010405
1906010406
1906010407
1906010408
1906010409
1906010410
1906010411
1906010412
1906010413
1906010414
1906010415
1906010416
1906010417
1906010419
1906010420
1906010421
1906010422
1906010423
1906010424
1906010425
1906010427
1906010428
1906010431
1906010432
1906030231
1906030235
1904010416
1906010501
1906010502
1906010503
1906010504
1906010506
1906010507
1906010508
1906010509
1906010510
1906010511
1906010512
1906010513
1906010514
1906010515
1906010516
1906010517
1906010518
1906010519
1906010520
1906010521
1906010522
1906010523
1906010524
1906010525
1906010526
1906010527
1906010528
1906010529
1906010531
1907090115
1908070126
1909030230
test
